Natural vibration RECT10 PYTHON (20 steps)
  _____________________________________________________________________________

     *TIME* = 1.00000E+00     Time Step Number = 20

     S O L U T I O N :

  _____________________________________________________________________________

    Node    x-coord.      y-coord.     Value of u     Value of v
  _____________________________________________________________________________

       1   0.00000E+00   0.00000E+00   0.00000E+00   0.00000E+00
       2   2.00000E-01   0.00000E+00   0.00000E+00   0.00000E+00
       3   4.00000E-01   0.00000E+00   0.00000E+00   0.00000E+00
       4   6.00000E-01   0.00000E+00   0.00000E+00   0.00000E+00
       5   8.00000E-01   0.00000E+00   0.00000E+00   0.00000E+00
       6   1.00000E+00   0.00000E+00   0.00000E+00   0.00000E+00
       7   0.00000E+00   5.00000E-01   0.00000E+00   0.00000E+00
       8   2.00000E-01   5.00000E-01   1.74968E-05   9.25122E-22
       9   4.00000E-01   5.00000E-01   2.87031E-01   -6.03124E-22
      10   6.00000E-01   5.00000E-01   2.21986E-05   -1.93609E-21
      11   8.00000E-01   5.00000E-01   1.02163E-05   -8.18298E-23
      12   1.00000E+00   5.00000E-01   0.00000E+00   0.00000E+00
      13   0.00000E+00   1.00000E+00   0.00000E+00   0.00000E+00
      14   2.00000E-01   1.00000E+00   0.00000E+00   0.00000E+00
      15   4.00000E-01   1.00000E+00   0.00000E+00   0.00000E+00
      16   6.00000E-01   1.00000E+00   0.00000E+00   0.00000E+00
      17   8.00000E-01   1.00000E+00   0.00000E+00   0.00000E+00
      18   1.00000E+00   1.00000E+00   0.00000E+00   0.00000E+00
  _____________________________________________________________________________
